image: map.pgm
resolution: 0.040000
origin: [-5.120000, -107.519997, -nan]
negate: 0
occupied_thresh: 0.65
free_thresh: 0.196

